726834 1990 1 1
726835 1990 1 2
726836 1990 1 3
726837 1990 1 4
726838 1990 1 5
726839 1990 1 6
726840 1990 1 7
726841 1990 1 8
726842 1990 1 9
726843 1990 1 10
726844 1990 1 11
726845 1990 1 12
726846 1990 1 13
726847 1990 1 14
726848 1990 1 15
726849 1990 1 16
726850 1990 1 17
726851 1990 1 18
726852 1990 1 19
726853 1990 1 20
726854 1990 1 21
726855 1990 1 22
726856 1990 1 23
726857 1990 1 24
726858 1990 1 25
726859 1990 1 26
726860 1990 1 27
726861 1990 1 28
726862 1990 1 29
726863 1990 1 30
726864 1990 1 31
726865 1990 2 1
726866 1990 2 2
726867 1990 2 3
726868 1990 2 4
726869 1990 2 5
726870 1990 2 6
726871 1990 2 7
726872 1990 2 8
726873 1990 2 9
726874 1990 2 10
726875 1990 2 11
726876 1990 2 12
726877 1990 2 13
726878 1990 2 14
726879 1990 2 15
726880 1990 2 16
726881 1990 2 17
726882 1990 2 18
726883 1990 2 19
726884 1990 2 20
726885 1990 2 21
726886 1990 2 22
726887 1990 2 23
726888 1990 2 24
726889 1990 2 25
726890 1990 2 26
726891 1990 2 27
726892 1990 2 28
726893 1990 3 1
726894 1990 3 2
726895 1990 3 3
726896 1990 3 4
726897 1990 3 5
726898 1990 3 6
726899 1990 3 7
726900 1990 3 8
726901 1990 3 9
726902 1990 3 10
726903 1990 3 11
726904 1990 3 12
726905 1990 3 13
726906 1990 3 14
726907 1990 3 15
726908 1990 3 16
726909 1990 3 17
726910 1990 3 18
726911 1990 3 19
726912 1990 3 20
726913 1990 3 21
726914 1990 3 22
726915 1990 3 23
726916 1990 3 24
726917 1990 3 25
726918 1990 3 26
726919 1990 3 27
726920 1990 3 28
726921 1990 3 29
726922 1990 3 30
726923 1990 3 31
726924 1990 4 1
726925 1990 4 2
726926 1990 4 3
726927 1990 4 4
726928 1990 4 5
726929 1990 4 6
726930 1990 4 7
726931 1990 4 8
726932 1990 4 9
726933 1990 4 10
726934 1990 4 11
726935 1990 4 12
726936 1990 4 13
726937 1990 4 14
726938 1990 4 15
726939 1990 4 16
726940 1990 4 17
726941 1990 4 18
726942 1990 4 19
726943 1990 4 20
726944 1990 4 21
726945 1990 4 22
726946 1990 4 23
726947 1990 4 24
726948 1990 4 25
726949 1990 4 26
726950 1990 4 27
726951 1990 4 28
726952 1990 4 29
726953 1990 4 30
726954 1990 5 1
726955 1990 5 2
726956 1990 5 3
726957 1990 5 4
726958 1990 5 5
726959 1990 5 6
726960 1990 5 7
726961 1990 5 8
726962 1990 5 9
726963 1990 5 10
726964 1990 5 11
726965 1990 5 12
726966 1990 5 13
726967 1990 5 14
726968 1990 5 15
726969 1990 5 16
726970 1990 5 17
726971 1990 5 18
726972 1990 5 19
726973 1990 5 20
726974 1990 5 21
726975 1990 5 22
726976 1990 5 23
726977 1990 5 24
726978 1990 5 25
726979 1990 5 26
726980 1990 5 27
726981 1990 5 28
726982 1990 5 29
726983 1990 5 30
726984 1990 5 31
726985 1990 6 1
726986 1990 6 2
726987 1990 6 3
726988 1990 6 4
726989 1990 6 5
726990 1990 6 6
726991 1990 6 7
726992 1990 6 8
726993 1990 6 9
726994 1990 6 10
726995 1990 6 11
726996 1990 6 12
726997 1990 6 13
726998 1990 6 14
726999 1990 6 15
727000 1990 6 16
727001 1990 6 17
727002 1990 6 18
727003 1990 6 19
727004 1990 6 20
727005 1990 6 21
727006 1990 6 22
727007 1990 6 23
727008 1990 6 24
727009 1990 6 25
727010 1990 6 26
727011 1990 6 27
727012 1990 6 28
727013 1990 6 29
727014 1990 6 30
727015 1990 7 1
727016 1990 7 2
727017 1990 7 3
727018 1990 7 4
727019 1990 7 5
727020 1990 7 6
727021 1990 7 7
727022 1990 7 8
727023 1990 7 9
727024 1990 7 10
727025 1990 7 11
727026 1990 7 12
727027 1990 7 13
727028 1990 7 14
727029 1990 7 15
727030 1990 7 16
727031 1990 7 17
727032 1990 7 18
727033 1990 7 19
727034 1990 7 20
727035 1990 7 21
727036 1990 7 22
727037 1990 7 23
727038 1990 7 24
727039 1990 7 25
727040 1990 7 26
727041 1990 7 27
727042 1990 7 28
727043 1990 7 29
727044 1990 7 30
727045 1990 7 31
727046 1990 8 1
727047 1990 8 2
727048 1990 8 3
727049 1990 8 4
727050 1990 8 5
727051 1990 8 6
727052 1990 8 7
727053 1990 8 8
727054 1990 8 9
727055 1990 8 10
727056 1990 8 11
727057 1990 8 12
727058 1990 8 13
727059 1990 8 14
727060 1990 8 15
727061 1990 8 16
727062 1990 8 17
727063 1990 8 18
727064 1990 8 19
727065 1990 8 20
727066 1990 8 21
727067 1990 8 22
727068 1990 8 23
727069 1990 8 24
727070 1990 8 25
727071 1990 8 26
727072 1990 8 27
727073 1990 8 28
727074 1990 8 29
727075 1990 8 30
727076 1990 8 31
727077 1990 9 1
727078 1990 9 2
727079 1990 9 3
727080 1990 9 4
727081 1990 9 5
727082 1990 9 6
727083 1990 9 7
727084 1990 9 8
727085 1990 9 9
727086 1990 9 10
727087 1990 9 11
727088 1990 9 12
727089 1990 9 13
727090 1990 9 14
727091 1990 9 15
727092 1990 9 16
727093 1990 9 17
727094 1990 9 18
727095 1990 9 19
727096 1990 9 20
727097 1990 9 21
727098 1990 9 22
727099 1990 9 23
727100 1990 9 24
727101 1990 9 25
727102 1990 9 26
727103 1990 9 27
727104 1990 9 28
727105 1990 9 29
727106 1990 9 30
727107 1990 10 1
727108 1990 10 2
727109 1990 10 3
727110 1990 10 4
727111 1990 10 5
727112 1990 10 6
727113 1990 10 7
727114 1990 10 8
727115 1990 10 9
727116 1990 10 10
727117 1990 10 11
727118 1990 10 12
727119 1990 10 13
727120 1990 10 14
727121 1990 10 15
727122 1990 10 16
727123 1990 10 17
727124 1990 10 18
727125 1990 10 19
727126 1990 10 20
727127 1990 10 21
727128 1990 10 22
727129 1990 10 23
727130 1990 10 24
727131 1990 10 25
727132 1990 10 26
727133 1990 10 27
727134 1990 10 28
727135 1990 10 29
727136 1990 10 30
727137 1990 10 31
727138 1990 11 1
727139 1990 11 2
727140 1990 11 3
727141 1990 11 4
727142 1990 11 5
727143 1990 11 6
727144 1990 11 7
727145 1990 11 8
727146 1990 11 9
727147 1990 11 10
727148 1990 11 11
727149 1990 11 12
727150 1990 11 13
727151 1990 11 14
727152 1990 11 15
727153 1990 11 16
727154 1990 11 17
727155 1990 11 18
727156 1990 11 19
727157 1990 11 20
727158 1990 11 21
727159 1990 11 22
727160 1990 11 23
727161 1990 11 24
727162 1990 11 25
727163 1990 11 26
727164 1990 11 27
727165 1990 11 28
727166 1990 11 29
727167 1990 11 30
727168 1990 12 1
727169 1990 12 2
727170 1990 12 3
727171 1990 12 4
727172 1990 12 5
727173 1990 12 6
727174 1990 12 7
727175 1990 12 8
727176 1990 12 9
727177 1990 12 10
727178 1990 12 11
727179 1990 12 12
727180 1990 12 13
727181 1990 12 14
727182 1990 12 15
727183 1990 12 16
727184 1990 12 17
727185 1990 12 18
727186 1990 12 19
727187 1990 12 20
727188 1990 12 21
727189 1990 12 22
727190 1990 12 23
727191 1990 12 24
727192 1990 12 25
727193 1990 12 26
727194 1990 12 27
727195 1990 12 28
727196 1990 12 29
727197 1990 12 30
727198 1990 12 31
727199 1991 1 1
727200 1991 1 2
727201 1991 1 3
727202 1991 1 4
727203 1991 1 5
727204 1991 1 6
727205 1991 1 7
727206 1991 1 8
727207 1991 1 9
727208 1991 1 10
727209 1991 1 11
727210 1991 1 12
727211 1991 1 13
727212 1991 1 14
727213 1991 1 15
727214 1991 1 16
727215 1991 1 17
727216 1991 1 18
727217 1991 1 19
727218 1991 1 20
727219 1991 1 21
727220 1991 1 22
727221 1991 1 23
727222 1991 1 24
727223 1991 1 25
727224 1991 1 26
727225 1991 1 27
727226 1991 1 28
727227 1991 1 29
727228 1991 1 30
727229 1991 1 31
727230 1991 2 1
727231 1991 2 2
727232 1991 2 3
727233 1991 2 4
727234 1991 2 5
727235 1991 2 6
727236 1991 2 7
727237 1991 2 8
727238 1991 2 9
727239 1991 2 10
727240 1991 2 11
727241 1991 2 12
727242 1991 2 13
727243 1991 2 14
727244 1991 2 15
727245 1991 2 16
727246 1991 2 17
727247 1991 2 18
727248 1991 2 19
727249 1991 2 20
727250 1991 2 21
727251 1991 2 22
727252 1991 2 23
727253 1991 2 24
727254 1991 2 25
727255 1991 2 26
727256 1991 2 27
727257 1991 2 28
727258 1991 3 1
727259 1991 3 2
727260 1991 3 3
727261 1991 3 4
727262 1991 3 5
727263 1991 3 6
727264 1991 3 7
727265 1991 3 8
727266 1991 3 9
727267 1991 3 10
727268 1991 3 11
727269 1991 3 12
727270 1991 3 13
727271 1991 3 14
727272 1991 3 15
727273 1991 3 16
727274 1991 3 17
727275 1991 3 18
727276 1991 3 19
727277 1991 3 20
727278 1991 3 21
727279 1991 3 22
727280 1991 3 23
727281 1991 3 24
727282 1991 3 25
727283 1991 3 26
727284 1991 3 27
727285 1991 3 28
727286 1991 3 29
727287 1991 3 30
727288 1991 3 31
727289 1991 4 1
727290 1991 4 2
727291 1991 4 3
727292 1991 4 4
727293 1991 4 5
727294 1991 4 6
727295 1991 4 7
727296 1991 4 8
727297 1991 4 9
727298 1991 4 10
727299 1991 4 11
727300 1991 4 12
727301 1991 4 13
727302 1991 4 14
727303 1991 4 15
727304 1991 4 16
727305 1991 4 17
727306 1991 4 18
727307 1991 4 19
727308 1991 4 20
727309 1991 4 21
727310 1991 4 22
727311 1991 4 23
727312 1991 4 24
727313 1991 4 25
727314 1991 4 26
727315 1991 4 27
727316 1991 4 28
727317 1991 4 29
727318 1991 4 30
727319 1991 5 1
727320 1991 5 2
727321 1991 5 3
727322 1991 5 4
727323 1991 5 5
727324 1991 5 6
727325 1991 5 7
727326 1991 5 8
727327 1991 5 9
727328 1991 5 10
727329 1991 5 11
727330 1991 5 12
727331 1991 5 13
727332 1991 5 14
727333 1991 5 15
727334 1991 5 16
727335 1991 5 17
727336 1991 5 18
727337 1991 5 19
727338 1991 5 20
727339 1991 5 21
727340 1991 5 22
727341 1991 5 23
727342 1991 5 24
727343 1991 5 25
727344 1991 5 26
727345 1991 5 27
727346 1991 5 28
727347 1991 5 29
727348 1991 5 30
727349 1991 5 31
727350 1991 6 1
727351 1991 6 2
727352 1991 6 3
727353 1991 6 4
727354 1991 6 5
727355 1991 6 6
727356 1991 6 7
727357 1991 6 8
727358 1991 6 9
727359 1991 6 10
727360 1991 6 11
727361 1991 6 12
727362 1991 6 13
727363 1991 6 14
727364 1991 6 15
727365 1991 6 16
727366 1991 6 17
727367 1991 6 18
727368 1991 6 19
727369 1991 6 20
727370 1991 6 21
727371 1991 6 22
727372 1991 6 23
727373 1991 6 24
727374 1991 6 25
727375 1991 6 26
727376 1991 6 27
727377 1991 6 28
727378 1991 6 29
727379 1991 6 30
727380 1991 7 1
727381 1991 7 2
727382 1991 7 3
727383 1991 7 4
727384 1991 7 5
727385 1991 7 6
727386 1991 7 7
727387 1991 7 8
727388 1991 7 9
727389 1991 7 10
727390 1991 7 11
727391 1991 7 12
727392 1991 7 13
727393 1991 7 14
727394 1991 7 15
727395 1991 7 16
727396 1991 7 17
727397 1991 7 18
727398 1991 7 19
727399 1991 7 20
727400 1991 7 21
727401 1991 7 22
727402 1991 7 23
727403 1991 7 24
727404 1991 7 25
727405 1991 7 26
727406 1991 7 27
727407 1991 7 28
727408 1991 7 29
727409 1991 7 30
727410 1991 7 31
727411 1991 8 1
727412 1991 8 2
727413 1991 8 3
727414 1991 8 4
727415 1991 8 5
727416 1991 8 6
727417 1991 8 7
727418 1991 8 8
727419 1991 8 9
727420 1991 8 10
727421 1991 8 11
727422 1991 8 12
727423 1991 8 13
727424 1991 8 14
727425 1991 8 15
727426 1991 8 16
727427 1991 8 17
727428 1991 8 18
727429 1991 8 19
727430 1991 8 20
727431 1991 8 21
727432 1991 8 22
727433 1991 8 23
727434 1991 8 24
727435 1991 8 25
727436 1991 8 26
727437 1991 8 27
727438 1991 8 28
727439 1991 8 29
727440 1991 8 30
727441 1991 8 31
727442 1991 9 1
727443 1991 9 2
727444 1991 9 3
727445 1991 9 4
727446 1991 9 5
727447 1991 9 6
727448 1991 9 7
727449 1991 9 8
727450 1991 9 9
727451 1991 9 10
727452 1991 9 11
727453 1991 9 12
727454 1991 9 13
727455 1991 9 14
727456 1991 9 15
727457 1991 9 16
727458 1991 9 17
727459 1991 9 18
727460 1991 9 19
727461 1991 9 20
727462 1991 9 21
727463 1991 9 22
727464 1991 9 23
727465 1991 9 24
727466 1991 9 25
727467 1991 9 26
727468 1991 9 27
727469 1991 9 28
727470 1991 9 29
727471 1991 9 30
727472 1991 10 1
727473 1991 10 2
727474 1991 10 3
727475 1991 10 4
727476 1991 10 5
727477 1991 10 6
727478 1991 10 7
727479 1991 10 8
727480 1991 10 9
727481 1991 10 10
727482 1991 10 11
727483 1991 10 12
727484 1991 10 13
727485 1991 10 14
727486 1991 10 15
727487 1991 10 16
727488 1991 10 17
727489 1991 10 18
727490 1991 10 19
727491 1991 10 20
727492 1991 10 21
727493 1991 10 22
727494 1991 10 23
727495 1991 10 24
727496 1991 10 25
727497 1991 10 26
727498 1991 10 27
727499 1991 10 28
727500 1991 10 29
727501 1991 10 30
727502 1991 10 31
727503 1991 11 1
727504 1991 11 2
727505 1991 11 3
727506 1991 11 4
727507 1991 11 5
727508 1991 11 6
727509 1991 11 7
727510 1991 11 8
727511 1991 11 9
727512 1991 11 10
727513 1991 11 11
727514 1991 11 12
727515 1991 11 13
727516 1991 11 14
727517 1991 11 15
727518 1991 11 16
727519 1991 11 17
727520 1991 11 18
727521 1991 11 19
727522 1991 11 20
727523 1991 11 21
727524 1991 11 22
727525 1991 11 23
727526 1991 11 24
727527 1991 11 25
727528 1991 11 26
727529 1991 11 27
727530 1991 11 28
727531 1991 11 29
727532 1991 11 30
727533 1991 12 1
727534 1991 12 2
727535 1991 12 3
727536 1991 12 4
727537 1991 12 5
727538 1991 12 6
727539 1991 12 7
727540 1991 12 8
727541 1991 12 9
727542 1991 12 10
727543 1991 12 11
727544 1991 12 12
727545 1991 12 13
727546 1991 12 14
727547 1991 12 15
727548 1991 12 16
727549 1991 12 17
727550 1991 12 18
727551 1991 12 19
727552 1991 12 20
727553 1991 12 21
727554 1991 12 22
727555 1991 12 23
727556 1991 12 24
727557 1991 12 25
727558 1991 12 26
727559 1991 12 27
727560 1991 12 28
727561 1991 12 29
727562 1991 12 30
727563 1991 12 31
727564 1992 1 1
727565 1992 1 2
727566 1992 1 3
727567 1992 1 4
727568 1992 1 5
727569 1992 1 6
727570 1992 1 7
727571 1992 1 8
727572 1992 1 9
727573 1992 1 10
727574 1992 1 11
727575 1992 1 12
727576 1992 1 13
727577 1992 1 14
727578 1992 1 15
727579 1992 1 16
727580 1992 1 17
727581 1992 1 18
727582 1992 1 19
727583 1992 1 20
727584 1992 1 21
727585 1992 1 22
727586 1992 1 23
727587 1992 1 24
727588 1992 1 25
727589 1992 1 26
727590 1992 1 27
727591 1992 1 28
727592 1992 1 29
727593 1992 1 30
727594 1992 1 31
727595 1992 2 1
727596 1992 2 2
727597 1992 2 3
727598 1992 2 4
727599 1992 2 5
727600 1992 2 6
727601 1992 2 7
727602 1992 2 8
727603 1992 2 9
727604 1992 2 10
727605 1992 2 11
727606 1992 2 12
727607 1992 2 13
727608 1992 2 14
727609 1992 2 15
727610 1992 2 16
727611 1992 2 17
727612 1992 2 18
727613 1992 2 19
727614 1992 2 20
727615 1992 2 21
727616 1992 2 22
727617 1992 2 23
727618 1992 2 24
727619 1992 2 25
727620 1992 2 26
727621 1992 2 27
727622 1992 2 28
727623 1992 2 29
727624 1992 3 1
727625 1992 3 2
727626 1992 3 3
727627 1992 3 4
727628 1992 3 5
727629 1992 3 6
727630 1992 3 7
727631 1992 3 8
727632 1992 3 9
727633 1992 3 10
727634 1992 3 11
727635 1992 3 12
727636 1992 3 13
727637 1992 3 14
727638 1992 3 15
727639 1992 3 16
727640 1992 3 17
727641 1992 3 18
727642 1992 3 19
727643 1992 3 20
727644 1992 3 21
727645 1992 3 22
727646 1992 3 23
727647 1992 3 24
727648 1992 3 25
727649 1992 3 26
727650 1992 3 27
727651 1992 3 28
727652 1992 3 29
727653 1992 3 30
727654 1992 3 31
727655 1992 4 1
727656 1992 4 2
727657 1992 4 3
727658 1992 4 4
727659 1992 4 5
727660 1992 4 6
727661 1992 4 7
727662 1992 4 8
727663 1992 4 9
727664 1992 4 10
727665 1992 4 11
727666 1992 4 12
727667 1992 4 13
727668 1992 4 14
727669 1992 4 15
727670 1992 4 16
727671 1992 4 17
727672 1992 4 18
727673 1992 4 19
727674 1992 4 20
727675 1992 4 21
727676 1992 4 22
727677 1992 4 23
727678 1992 4 24
727679 1992 4 25
727680 1992 4 26
727681 1992 4 27
727682 1992 4 28
727683 1992 4 29
727684 1992 4 30
727685 1992 5 1
727686 1992 5 2
727687 1992 5 3
727688 1992 5 4
727689 1992 5 5
727690 1992 5 6
727691 1992 5 7
727692 1992 5 8
727693 1992 5 9
727694 1992 5 10
727695 1992 5 11
727696 1992 5 12
727697 1992 5 13
727698 1992 5 14
727699 1992 5 15
727700 1992 5 16
727701 1992 5 17
727702 1992 5 18
727703 1992 5 19
727704 1992 5 20
727705 1992 5 21
727706 1992 5 22
727707 1992 5 23
727708 1992 5 24
727709 1992 5 25
727710 1992 5 26
727711 1992 5 27
727712 1992 5 28
727713 1992 5 29
727714 1992 5 30
727715 1992 5 31
727716 1992 6 1
727717 1992 6 2
727718 1992 6 3
727719 1992 6 4
727720 1992 6 5
727721 1992 6 6
727722 1992 6 7
727723 1992 6 8
727724 1992 6 9
727725 1992 6 10
727726 1992 6 11
727727 1992 6 12
727728 1992 6 13
727729 1992 6 14
727730 1992 6 15
727731 1992 6 16
727732 1992 6 17
727733 1992 6 18
727734 1992 6 19
727735 1992 6 20
727736 1992 6 21
727737 1992 6 22
727738 1992 6 23
727739 1992 6 24
727740 1992 6 25
727741 1992 6 26
727742 1992 6 27
727743 1992 6 28
727744 1992 6 29
727745 1992 6 30
727746 1992 7 1
727747 1992 7 2
727748 1992 7 3
727749 1992 7 4
727750 1992 7 5
727751 1992 7 6
727752 1992 7 7
727753 1992 7 8
727754 1992 7 9
727755 1992 7 10
727756 1992 7 11
727757 1992 7 12
727758 1992 7 13
727759 1992 7 14
727760 1992 7 15
727761 1992 7 16
727762 1992 7 17
727763 1992 7 18
727764 1992 7 19
727765 1992 7 20
727766 1992 7 21
727767 1992 7 22
727768 1992 7 23
727769 1992 7 24
727770 1992 7 25
727771 1992 7 26
727772 1992 7 27
727773 1992 7 28
727774 1992 7 29
727775 1992 7 30
727776 1992 7 31
727777 1992 8 1
727778 1992 8 2
727779 1992 8 3
727780 1992 8 4
727781 1992 8 5
727782 1992 8 6
727783 1992 8 7
727784 1992 8 8
727785 1992 8 9
727786 1992 8 10
727787 1992 8 11
727788 1992 8 12
727789 1992 8 13
727790 1992 8 14
727791 1992 8 15
727792 1992 8 16
727793 1992 8 17
727794 1992 8 18
727795 1992 8 19
727796 1992 8 20
727797 1992 8 21
727798 1992 8 22
727799 1992 8 23
727800 1992 8 24
727801 1992 8 25
727802 1992 8 26
727803 1992 8 27
727804 1992 8 28
727805 1992 8 29
727806 1992 8 30
727807 1992 8 31
727808 1992 9 1
727809 1992 9 2
727810 1992 9 3
727811 1992 9 4
727812 1992 9 5
727813 1992 9 6
727814 1992 9 7
727815 1992 9 8
727816 1992 9 9
727817 1992 9 10
727818 1992 9 11
727819 1992 9 12
727820 1992 9 13
727821 1992 9 14
727822 1992 9 15
727823 1992 9 16
727824 1992 9 17
727825 1992 9 18
727826 1992 9 19
727827 1992 9 20
727828 1992 9 21
727829 1992 9 22
727830 1992 9 23
727831 1992 9 24
727832 1992 9 25
727833 1992 9 26
727834 1992 9 27
727835 1992 9 28
727836 1992 9 29
727837 1992 9 30
727838 1992 10 1
727839 1992 10 2
727840 1992 10 3
727841 1992 10 4
727842 1992 10 5
727843 1992 10 6
727844 1992 10 7
727845 1992 10 8
727846 1992 10 9
727847 1992 10 10
727848 1992 10 11
727849 1992 10 12
727850 1992 10 13
727851 1992 10 14
727852 1992 10 15
727853 1992 10 16
727854 1992 10 17
727855 1992 10 18
727856 1992 10 19
727857 1992 10 20
727858 1992 10 21
727859 1992 10 22
727860 1992 10 23
727861 1992 10 24
727862 1992 10 25
727863 1992 10 26
727864 1992 10 27
727865 1992 10 28
727866 1992 10 29
727867 1992 10 30
727868 1992 10 31
727869 1992 11 1
727870 1992 11 2
727871 1992 11 3
727872 1992 11 4
727873 1992 11 5
727874 1992 11 6
727875 1992 11 7
727876 1992 11 8
727877 1992 11 9
727878 1992 11 10
727879 1992 11 11
727880 1992 11 12
727881 1992 11 13
727882 1992 11 14
727883 1992 11 15
727884 1992 11 16
727885 1992 11 17
727886 1992 11 18
727887 1992 11 19
727888 1992 11 20
727889 1992 11 21
727890 1992 11 22
727891 1992 11 23
727892 1992 11 24
727893 1992 11 25
727894 1992 11 26
727895 1992 11 27
727896 1992 11 28
727897 1992 11 29
727898 1992 11 30
727899 1992 12 1
727900 1992 12 2
727901 1992 12 3
727902 1992 12 4
727903 1992 12 5
727904 1992 12 6
727905 1992 12 7
727906 1992 12 8
727907 1992 12 9
727908 1992 12 10
727909 1992 12 11
727910 1992 12 12
727911 1992 12 13
727912 1992 12 14
727913 1992 12 15
727914 1992 12 16
727915 1992 12 17
727916 1992 12 18
727917 1992 12 19
727918 1992 12 20
727919 1992 12 21
727920 1992 12 22
727921 1992 12 23
727922 1992 12 24
727923 1992 12 25
727924 1992 12 26
727925 1992 12 27
727926 1992 12 28
727927 1992 12 29
727928 1992 12 30
727929 1992 12 31
727930 1993 1 1
727931 1993 1 2
727932 1993 1 3
727933 1993 1 4
727934 1993 1 5
727935 1993 1 6
727936 1993 1 7
727937 1993 1 8
727938 1993 1 9
727939 1993 1 10
727940 1993 1 11
727941 1993 1 12
727942 1993 1 13
727943 1993 1 14
727944 1993 1 15
727945 1993 1 16
727946 1993 1 17
727947 1993 1 18
727948 1993 1 19
727949 1993 1 20
727950 1993 1 21
727951 1993 1 22
727952 1993 1 23
727953 1993 1 24
727954 1993 1 25
727955 1993 1 26
727956 1993 1 27
727957 1993 1 28
727958 1993 1 29
727959 1993 1 30
727960 1993 1 31
727961 1993 2 1
727962 1993 2 2
727963 1993 2 3
727964 1993 2 4
727965 1993 2 5
727966 1993 2 6
727967 1993 2 7
727968 1993 2 8
727969 1993 2 9
727970 1993 2 10
727971 1993 2 11
727972 1993 2 12
727973 1993 2 13
727974 1993 2 14
727975 1993 2 15
727976 1993 2 16
727977 1993 2 17
727978 1993 2 18
727979 1993 2 19
727980 1993 2 20
727981 1993 2 21
727982 1993 2 22
727983 1993 2 23
727984 1993 2 24
727985 1993 2 25
727986 1993 2 26
727987 1993 2 27
727988 1993 2 28
727989 1993 3 1
727990 1993 3 2
727991 1993 3 3
727992 1993 3 4
727993 1993 3 5
727994 1993 3 6
727995 1993 3 7
727996 1993 3 8
727997 1993 3 9
727998 1993 3 10
727999 1993 3 11
728000 1993 3 12
728001 1993 3 13
728002 1993 3 14
728003 1993 3 15
728004 1993 3 16
728005 1993 3 17
728006 1993 3 18
728007 1993 3 19
728008 1993 3 20
728009 1993 3 21
728010 1993 3 22
728011 1993 3 23
728012 1993 3 24
728013 1993 3 25
728014 1993 3 26
728015 1993 3 27
728016 1993 3 28
728017 1993 3 29
728018 1993 3 30
728019 1993 3 31
728020 1993 4 1
728021 1993 4 2
728022 1993 4 3
728023 1993 4 4
728024 1993 4 5
728025 1993 4 6
728026 1993 4 7
728027 1993 4 8
728028 1993 4 9
728029 1993 4 10
728030 1993 4 11
728031 1993 4 12
728032 1993 4 13
728033 1993 4 14
728034 1993 4 15
728035 1993 4 16
728036 1993 4 17
728037 1993 4 18
728038 1993 4 19
728039 1993 4 20
728040 1993 4 21
728041 1993 4 22
728042 1993 4 23
728043 1993 4 24
728044 1993 4 25
728045 1993 4 26
728046 1993 4 27
728047 1993 4 28
728048 1993 4 29
728049 1993 4 30
728050 1993 5 1
728051 1993 5 2
728052 1993 5 3
728053 1993 5 4
728054 1993 5 5
728055 1993 5 6
728056 1993 5 7
728057 1993 5 8
728058 1993 5 9
728059 1993 5 10
728060 1993 5 11
728061 1993 5 12
728062 1993 5 13
728063 1993 5 14
728064 1993 5 15
728065 1993 5 16
728066 1993 5 17
728067 1993 5 18
728068 1993 5 19
728069 1993 5 20
728070 1993 5 21
728071 1993 5 22
728072 1993 5 23
728073 1993 5 24
728074 1993 5 25
728075 1993 5 26
728076 1993 5 27
728077 1993 5 28
728078 1993 5 29
728079 1993 5 30
728080 1993 5 31
728081 1993 6 1
728082 1993 6 2
728083 1993 6 3
728084 1993 6 4
728085 1993 6 5
728086 1993 6 6
728087 1993 6 7
728088 1993 6 8
728089 1993 6 9
728090 1993 6 10
728091 1993 6 11
728092 1993 6 12
728093 1993 6 13
728094 1993 6 14
728095 1993 6 15
728096 1993 6 16
728097 1993 6 17
728098 1993 6 18
728099 1993 6 19
728100 1993 6 20
728101 1993 6 21
728102 1993 6 22
728103 1993 6 23
728104 1993 6 24
728105 1993 6 25
728106 1993 6 26
728107 1993 6 27
728108 1993 6 28
728109 1993 6 29
728110 1993 6 30
728111 1993 7 1
728112 1993 7 2
728113 1993 7 3
728114 1993 7 4
728115 1993 7 5
728116 1993 7 6
728117 1993 7 7
728118 1993 7 8
728119 1993 7 9
728120 1993 7 10
728121 1993 7 11
728122 1993 7 12
728123 1993 7 13
728124 1993 7 14
728125 1993 7 15
728126 1993 7 16
728127 1993 7 17
728128 1993 7 18
728129 1993 7 19
728130 1993 7 20
728131 1993 7 21
728132 1993 7 22
728133 1993 7 23
728134 1993 7 24
728135 1993 7 25
728136 1993 7 26
728137 1993 7 27
728138 1993 7 28
728139 1993 7 29
728140 1993 7 30
728141 1993 7 31
728142 1993 8 1
728143 1993 8 2
728144 1993 8 3
728145 1993 8 4
728146 1993 8 5
728147 1993 8 6
728148 1993 8 7
728149 1993 8 8
728150 1993 8 9
728151 1993 8 10
728152 1993 8 11
728153 1993 8 12
728154 1993 8 13
728155 1993 8 14
728156 1993 8 15
728157 1993 8 16
728158 1993 8 17
728159 1993 8 18
728160 1993 8 19
728161 1993 8 20
728162 1993 8 21
728163 1993 8 22
728164 1993 8 23
728165 1993 8 24
728166 1993 8 25
728167 1993 8 26
728168 1993 8 27
728169 1993 8 28
728170 1993 8 29
728171 1993 8 30
728172 1993 8 31
728173 1993 9 1
728174 1993 9 2
728175 1993 9 3
728176 1993 9 4
728177 1993 9 5
728178 1993 9 6
728179 1993 9 7
728180 1993 9 8
728181 1993 9 9
728182 1993 9 10
728183 1993 9 11
728184 1993 9 12
728185 1993 9 13
728186 1993 9 14
728187 1993 9 15
728188 1993 9 16
728189 1993 9 17
728190 1993 9 18
728191 1993 9 19
728192 1993 9 20
728193 1993 9 21
728194 1993 9 22
728195 1993 9 23
728196 1993 9 24
728197 1993 9 25
728198 1993 9 26
728199 1993 9 27
728200 1993 9 28
728201 1993 9 29
728202 1993 9 30
728203 1993 10 1
728204 1993 10 2
728205 1993 10 3
728206 1993 10 4
728207 1993 10 5
728208 1993 10 6
728209 1993 10 7
728210 1993 10 8
728211 1993 10 9
728212 1993 10 10
728213 1993 10 11
728214 1993 10 12
728215 1993 10 13
728216 1993 10 14
728217 1993 10 15
728218 1993 10 16
728219 1993 10 17
728220 1993 10 18
728221 1993 10 19
728222 1993 10 20
728223 1993 10 21
728224 1993 10 22
728225 1993 10 23
728226 1993 10 24
728227 1993 10 25
728228 1993 10 26
728229 1993 10 27
728230 1993 10 28
728231 1993 10 29
728232 1993 10 30
728233 1993 10 31
728234 1993 11 1
728235 1993 11 2
728236 1993 11 3
728237 1993 11 4
728238 1993 11 5
728239 1993 11 6
728240 1993 11 7
728241 1993 11 8
728242 1993 11 9
728243 1993 11 10
728244 1993 11 11
728245 1993 11 12
728246 1993 11 13
728247 1993 11 14
728248 1993 11 15
728249 1993 11 16
728250 1993 11 17
728251 1993 11 18
728252 1993 11 19
728253 1993 11 20
728254 1993 11 21
728255 1993 11 22
728256 1993 11 23
728257 1993 11 24
728258 1993 11 25
728259 1993 11 26
728260 1993 11 27
728261 1993 11 28
728262 1993 11 29
728263 1993 11 30
728264 1993 12 1
728265 1993 12 2
728266 1993 12 3
728267 1993 12 4
728268 1993 12 5
728269 1993 12 6
728270 1993 12 7
728271 1993 12 8
728272 1993 12 9
728273 1993 12 10
728274 1993 12 11
728275 1993 12 12
728276 1993 12 13
728277 1993 12 14
728278 1993 12 15
728279 1993 12 16
728280 1993 12 17
728281 1993 12 18
728282 1993 12 19
728283 1993 12 20
728284 1993 12 21
728285 1993 12 22
728286 1993 12 23
728287 1993 12 24
728288 1993 12 25
728289 1993 12 26
728290 1993 12 27
728291 1993 12 28
728292 1993 12 29
728293 1993 12 30
728294 1993 12 31
